50
315.000000 157.000000
251.000000 258.000000
189.000000 495.000000
110.000000 90.000000
246.000000 2.000000
205.000000 133.000000
345.000000 203.000000
291.000000 408.000000
64.000000 359.000000
326.000000 481.000000
250.000000 496.000000
173.000000 129.000000
134.000000 435.000000
225.000000 326.000000
84.000000 152.000000
156.000000 410.000000
171.000000 454.000000
482.000000 64.000000
426.000000 307.000000
56.000000 113.000000
290.000000 146.000000
362.000000 408.000000
11.000000 31.000000
395.000000 338.000000
311.000000 419.000000
352.000000 149.000000
84.000000 125.000000
457.000000 306.000000
426.000000 271.000000
339.000000 368.000000
112.000000 349.000000
163.000000 159.000000
390.000000 154.000000
333.000000 477.000000
295.000000 61.000000
73.000000 164.000000
456.000000 116.000000
73.000000 228.000000
44.000000 454.000000
235.000000 198.000000
217.000000 278.000000
406.000000 449.000000
379.000000 385.000000
187.000000 255.000000
204.000000 17.000000
119.000000 135.000000
28.000000 488.000000
261.000000 322.000000
485.000000 22.000000
473.000000 488.000000
